nrol=856
nrow=618
MaxX=2350467.827200
MinX=-6209532.172800
MaxY=4576660.651150
MinY=-1603339.348850
